[gd_scene load_steps=22 format=2]

[ext_resource path="res://Elements/PropsTerrain/Rampe.tscn" type="PackedScene" id=1]
[ext_resource path="res://Elements/Radis/Radish.tscn" type="PackedScene" id=2]
[ext_resource path="res://Elements/PropsTerrain/TileTerrainB.tscn" type="PackedScene" id=3]
[ext_resource path="res://Elements/PropsTerrain/TileTerrainA.tscn" type="PackedScene" id=4]
[ext_resource path="res://Elements/PropsTerrain/murPierreB.tscn" type="PackedScene" id=5]
[ext_resource path="res://Elements/PropsTerrain/PlaneD_t.tscn" type="PackedScene" id=6]
[ext_resource path="res://Elements/PropsTerrain/Arbre.tscn" type="PackedScene" id=7]
[ext_resource path="res://Elements/PropsTerrain/Finish.tscn" type="PackedScene" id=8]
[ext_resource path="res://Elements/UI/startUI.tscn" type="PackedScene" id=9]
[ext_resource path="res://Elements/PropsTerrain/PlaneC_t.tscn" type="PackedScene" id=10]
[ext_resource path="res://Elements/PropsTerrain/cailloux.tscn" type="PackedScene" id=11]
[ext_resource path="res://Elements/Betrave/Turbeets.tscn" type="PackedScene" id=12]
[ext_resource path="res://Elements/Radis/Jumperradis.tscn" type="PackedScene" id=13]
[ext_resource path="res://Elements/Player/PlayerWithCamera.tscn" type="PackedScene" id=14]
[ext_resource path="res://Elements/PropsTerrain/MurPierreA.tscn" type="PackedScene" id=15]
[ext_resource path="res://Elements/PropsTerrain/barriere.tscn" type="PackedScene" id=16]
[ext_resource path="res://Elements/UI/Om Botak.otf" type="DynamicFontData" id=17]
[ext_resource path="res://Elements/Levels/MainGameServices.gd" type="Script" id=18]
[ext_resource path="res://Elements/PropsTerrain/PlaneB_t.tscn" type="PackedScene" id=19]

[sub_resource type="DynamicFont" id=1]
size = 20
outline_size = 2
outline_color = Color( 0, 0, 0, 1 )
use_filter = true
font_data = ExtResource( 17 )

[sub_resource type="DynamicFont" id=2]
size = 29
outline_size = 2
outline_color = Color( 0, 0, 0, 1 )
use_filter = true
font_data = ExtResource( 17 )

[node name="MainGame" type="Spatial"]
script = ExtResource( 18 )

[node name="world" type="Spatial" parent="."]

[node name="Plane_t" parent="world" instance=ExtResource( 3 )]
skeleton = NodePath("../..")

[node name="Plane_t7" parent="world" instance=ExtResource( 3 )]
transform = Transform( 1, 0, 0, 0, 0.5, 0, 0, 0, 1, 0, 0, 120 )
skeleton = NodePath("../..")

[node name="Plane_t2" parent="world" instance=ExtResource( 3 )]
transform = Transform( 1, 0, 0, 0, 0.5, 0, 0, 0, 1, 0, 0, -40 )
skeleton = NodePath("../..")

[node name="Plane_t6" parent="world" instance=ExtResource( 3 )]
transform = Transform( 1, 0, 0, 0, 0.5, 0, 0, 0, 1, 0, 0, -200 )
skeleton = NodePath("../..")

[node name="Plane_t_v2" parent="world" instance=ExtResource( 4 )]

[node name="Plane_t_v3" parent="world" instance=ExtResource( 4 )]
transform = Transform( -1, 0, -8.74228e-08, 0, 0.5, 0, 8.74228e-08, 0, -1, 0, 0, 80 )

[node name="MurPierre" parent="world" instance=ExtResource( 15 )]
transform = Transform( 1, 0, 0, 0, 1, 0, 0, 0, 1, 0, 0, -200 )

[node name="murPierre2" parent="world" instance=ExtResource( 5 )]
transform = Transform( 1, 0, 0, 0, 1, 0, 0, 0, 1, 0, 0, -160 )

[node name="MurPierre2" parent="world" instance=ExtResource( 15 )]
transform = Transform( -1, 0, -8.74228e-08, 0, 1, 0, 8.74228e-08, 0, -1, 1.74846e-06, 0, -160 )

[node name="murPierre3" parent="world" instance=ExtResource( 5 )]
transform = Transform( -1, 0, -8.74228e-08, 0, 1, 0, 8.74228e-08, 0, -1, -1.74845e-06, 0, -200 )

[node name="MurPierre3" parent="world" instance=ExtResource( 15 )]
transform = Transform( 1, 0, 0, 0, 1, 0, 0, 0, 1, 0, 0, -120 )

[node name="murPierre4" parent="world" instance=ExtResource( 5 )]
transform = Transform( 1, 0, 0, 0, 1, 0, 0, 0, 1, 0, 0, -80 )

[node name="MurPierre4" parent="world" instance=ExtResource( 15 )]
transform = Transform( -1, 0, -8.74228e-08, 0, 1, 0, 8.74228e-08, 0, -1, 1.74846e-06, 0, -80 )

[node name="murPierre5" parent="world" instance=ExtResource( 5 )]
transform = Transform( -1, 0, -8.74228e-08, 0, 1, 0, 8.74228e-08, 0, -1, -1.74845e-06, 0, -120 )

[node name="MurPierre5" parent="world" instance=ExtResource( 15 )]
transform = Transform( 1, 0, 0, 0, 1, 0, 0, 0, 1, 0, 0, -40 )

[node name="murPierre6" parent="world" instance=ExtResource( 5 )]
transform = Transform( 1, 0, 0, 0, 1, 0, 0, 0, 1, 0, 0, 0 )

[node name="MurPierre6" parent="world" instance=ExtResource( 15 )]
transform = Transform( -1, 0, -8.74228e-08, 0, 1, 0, 8.74228e-08, 0, -1, 1.74846e-06, 0, 0 )

[node name="murPierre7" parent="world" instance=ExtResource( 5 )]
transform = Transform( -1, 0, -8.74228e-08, 0, 1, 0, 8.74228e-08, 0, -1, -1.74845e-06, 0, -40 )

[node name="MurPierre7" parent="world" instance=ExtResource( 15 )]
transform = Transform( 1, 0, 0, 0, 1, 0, 0, 0, 1, 0, 0, 40 )

[node name="murPierre8" parent="world" instance=ExtResource( 5 )]
transform = Transform( 1, 0, 0, 0, 1, 0, 0, 0, 1, 0, 0, 80 )

[node name="MurPierre8" parent="world" instance=ExtResource( 15 )]
transform = Transform( -1, 0, -8.74228e-08, 0, 1, 0, 8.74228e-08, 0, -1, 1.74846e-06, 0, 80 )

[node name="murPierre9" parent="world" instance=ExtResource( 5 )]
transform = Transform( -1, 0, -8.74228e-08, 0, 1, 0, 8.74228e-08, 0, -1, -1.74845e-06, 0, 40 )

[node name="MurPierre9" parent="world" instance=ExtResource( 15 )]
transform = Transform( 1, 0, 0, 0, 1, 0, 0, 0, 1, 0, 0, 120 )

[node name="murPierre10" parent="world" instance=ExtResource( 5 )]
transform = Transform( 1, 0, 0, 0, 1, 0, 0, 0, 1, 0, 0, 160 )

[node name="MurPierre10" parent="world" instance=ExtResource( 15 )]
transform = Transform( -1, 0, -8.74228e-08, 0, 1, 0, 8.74228e-08, 0, -1, 1.74846e-06, 0, 160 )

[node name="murPierre11" parent="world" instance=ExtResource( 5 )]
transform = Transform( -1, 0, -8.74228e-08, 0, 1, 0, 8.74228e-08, 0, -1, -1.74845e-06, 0, 120 )

[node name="MurPierre11" parent="world" instance=ExtResource( 15 )]
transform = Transform( 1, 0, 0, 0, 1, 0, 0, 0, 1, 0, 0, 200 )

[node name="murPierre12" parent="world" instance=ExtResource( 5 )]
transform = Transform( 1, 0, 0, 0, 1, 0, 0, 0, 1, 0, 0, 240 )

[node name="MurPierre12" parent="world" instance=ExtResource( 15 )]
transform = Transform( -1, 0, -8.74228e-08, 0, 1, 0, 8.74228e-08, 0, -1, 1.74846e-06, 0, 240 )

[node name="murPierre13" parent="world" instance=ExtResource( 5 )]
transform = Transform( -1, 0, -8.74228e-08, 0, 1, 0, 8.74228e-08, 0, -1, -1.74845e-06, 0, 200 )

[node name="MurPierre13" parent="world" instance=ExtResource( 15 )]
transform = Transform( 1, 0, 0, 0, 1, 0, 0, 0, 1, 0, 0, 280 )

[node name="murPierre21" parent="world" instance=ExtResource( 5 )]
transform = Transform( -1, 0, -8.74228e-08, 0, 1, 0, 8.74228e-08, 0, -1, -1.74845e-06, 0, 520 )

[node name="murPierre24" parent="world" instance=ExtResource( 5 )]
transform = Transform( 1, 0, 0, 0, 1, 0, 0, 0, 1, 0, 0, 319 )

[node name="murPierre26" parent="world" instance=ExtResource( 5 )]
transform = Transform( 0.965906, 0.0311051, 0.257018, -0.0834551, 0.977171, 0.195374, -0.245074, -0.210163, 0.946452, -7.59253, -1.92038, 316.576 )

[node name="MurPierre24" parent="world" instance=ExtResource( 15 )]
transform = Transform( -0.998217, 0, 0.0596896, 0, 1, 0, -0.0596896, 0, -0.998217, -1.12092, 0, 317.427 )

[node name="murPierre25" parent="world" instance=ExtResource( 5 )]
transform = Transform( -1, 0, -8.74228e-08, 0, 1, 0, 8.74228e-08, 0, -1, -2.62262e-07, 0, 280 )

[node name="murPierre27" parent="world" instance=ExtResource( 5 )]
transform = Transform( -0.987483, 0.0089832, 0.157471, -0.0141965, 0.989263, -0.145459, -0.157087, -0.145874, -0.976752, 6.7269, -1.47869, 320.624 )

[node name="PlaneC_t" parent="world" instance=ExtResource( 10 )]
transform = Transform( 1, 0, 0, 0, 1, 0, 0, 0, 1, 0, 0, -120 )
skeleton = NodePath("../..")

[node name="PlaneD_t" parent="world" instance=ExtResource( 6 )]
transform = Transform( 1, 0, 0, 0, 1, 0, 0, 0, 1, 0, 0, -200 )

[node name="PlaneD_t2" parent="world" instance=ExtResource( 6 )]
transform = Transform( -1, 0, -8.74228e-08, 0, 1, 0, 8.74228e-08, 0, -1, 0, 0, -80 )

[node name="PlayerWithCamera" parent="." instance=ExtResource( 14 )]
transform = Transform( 2, 0, 0, 0, 2, 0, 0, 0, 2, 0, -0.767916, -202.172 )

[node name="Player" parent="PlayerWithCamera" index="0"]
move_forward_speed = 30.0
acceleration_side = 0.7
max_turn_angle = 30

[node name="Arbre" parent="." instance=ExtResource( 7 )]
transform = Transform( 1, 0, 0, 0, 1, 0, 0, 0, 1, -13.7038, -2.38419e-07, 13.2224 )

[node name="Arbre5" parent="." instance=ExtResource( 7 )]
transform = Transform( 1, 0, 0, 0, 1, 0, 0, 0, 1, -10.0669, -0.188146, 9.71626 )

[node name="Arbre31" parent="." instance=ExtResource( 7 )]
transform = Transform( 1, 0, 0, 0, 1, 0, 0, 0, 1, -10.0669, -0.188146, -21.7352 )

[node name="Arbre32" parent="." instance=ExtResource( 7 )]
transform = Transform( 0.646111, 0, 0.763244, -0.118424, 0.98789, 0.10025, -0.754, -0.155159, 0.638286, -15.3151, -1.09422, -21.7352 )

[node name="Arbre33" parent="." instance=ExtResource( 7 )]
transform = Transform( 0.646111, 0, 0.763244, 0, 1, 0, -0.763244, 0, 0.646111, -15.3151, -1.09422, -11.2165 )

[node name="Arbre34" parent="." instance=ExtResource( 7 )]
transform = Transform( 0.587861, 0.414947, 0.694434, -0.268102, 0.909845, -0.316706, -0.763244, 0, 0.646111, -10.1773, -1.09422, -11.2165 )

[node name="Arbre35" parent="." instance=ExtResource( 7 )]
transform = Transform( 0.645741, 0.0338355, 0.762807, -0.155161, 0.983988, 0.0877029, -0.747625, -0.174992, 0.640651, -12.4866, -1.09422, -11.2165 )

[node name="Arbre6" parent="." instance=ExtResource( 7 )]
transform = Transform( 1, 0, 0, 0, 1, 0, 0, 0, 1, 6.27337, -0.979988, 15.5498 )

[node name="Arbre36" parent="." instance=ExtResource( 7 )]
transform = Transform( 1, 0, 0, 0, 1, 0, 0, 0, 1, 6.27337, -0.979988, -8.39598 )

[node name="Arbre37" parent="." instance=ExtResource( 7 )]
transform = Transform( 0.739186, -0.220953, 0.636227, 0.167464, 0.975285, 0.144139, -0.65235, 0, 0.757918, 11.069, -0.979988, -21.396 )

[node name="Arbre7" parent="." instance=ExtResource( 7 )]
transform = Transform( 1, 0, 0, 0, 1, 0, 0, 0, 1, 13.6228, -0.314976, 210.216 )

[node name="Arbre8" parent="." instance=ExtResource( 7 )]
transform = Transform( 1, 0, 0, 0, 1, 0, 0, 0, 1, 14.2716, -2.14577e-06, 16.3233 )

[node name="Arbre9" parent="." instance=ExtResource( 7 )]
transform = Transform( 1, 0, 0, 0, 1, 0, 0, 0, 1, 11.5977, -2.14577e-06, 10.049 )

[node name="Arbre11" parent="." instance=ExtResource( 7 )]
transform = Transform( 1, 0, 0, 0, 1, 0, 0, 0, 1, -10.0669, -0.188146, 90.9679 )

[node name="Arbre12" parent="." instance=ExtResource( 7 )]
transform = Transform( 1, 0, 0, 0, 1, 0, 0, 0, 1, 5.7565, -2.14577e-06, 93.0993 )

[node name="Arbre24" parent="." instance=ExtResource( 7 )]
transform = Transform( 1, 0, 0, 0, 1, 0, 0, 0, 1, -5.63458, -2.14577e-06, 86.825 )

[node name="Arbre10" parent="." instance=ExtResource( 7 )]
transform = Transform( 1, 0, 0, 0, 1, 0, 0, 0, 1, 9.01151, -0.302433, 13.4598 )

[node name="Arbre13" parent="." instance=ExtResource( 7 )]
transform = Transform( 1, 0, 0, 0, 1, 0, 0, 0, 1, 6.85018, -2.14577e-06, -141.677 )

[node name="Arbre14" parent="." instance=ExtResource( 7 )]
transform = Transform( 1, 0, 0, 0, 1, 0, 0, 0, 1, -1.28854, -3.10228, -128.275 )

[node name="Arbre23" parent="." instance=ExtResource( 7 )]
transform = Transform( 0.674109, 0, 0.738632, 0, 1, 0, -0.738632, 0, 0.674109, -5.68936, -2.60631, -126.775 )

[node name="Arbre15" parent="." instance=ExtResource( 7 )]
transform = Transform( -0.521513, -0.186585, 0.832593, -0.336865, 0.941553, 0, -0.78393, -0.280472, -0.553886, 7.88673, -1.2798, -107.21 )

[node name="Arbre38" parent="." instance=ExtResource( 7 )]
transform = Transform( -0.449306, 0.246419, 0.858721, 0.269588, 0.953796, -0.132647, -0.851732, 0.171902, -0.494978, -6.61535, -0.452427, -106.828 )

[node name="Arbre16" parent="." instance=ExtResource( 7 )]
transform = Transform( 1, 0, 0, 0, 1, 0, 0, 0, 1, 13.9743, -0.979988, 258.55 )

[node name="Arbre17" parent="." instance=ExtResource( 7 )]
transform = Transform( 1, 0, 0, 0, 1, 0, 0, 0, 1, 13.2655, -0.314976, -139.096 )

[node name="Arbre18" parent="." instance=ExtResource( 7 )]
transform = Transform( 1, 0, 0, 0, 1, 0, 0, 0, 1, 16.9725, -2.14577e-06, -141.677 )

[node name="Arbre19" parent="." instance=ExtResource( 7 )]
transform = Transform( 1, 0, 0, 0, 1, 0, 0, 0, 1, 14.2986, -2.14577e-06, -147.951 )

[node name="Arbre20" parent="." instance=ExtResource( 7 )]
transform = Transform( 1, 0, 0, 0, 1, 0, 0, 0, 1, 11.7124, -2.57523, -144.54 )

[node name="Arbre21" parent="." instance=ExtResource( 7 )]
transform = Transform( 1, 0, 0, 0, 1, 0, 0, 0, 1, -9.0739, -0.979988, -142.45 )

[node name="Arbre22" parent="." instance=ExtResource( 7 )]
transform = Transform( 1, 0, 0, 0, 1, 0, 0, 0, 1, -4.78267, -0.314976, -139.096 )

[node name="Arbre25" parent="." instance=ExtResource( 7 )]
transform = Transform( 1, 0, 0, 0, 1, 0, 0, 0, 1, -6.33576, -0.302433, -144.54 )

[node name="Arbre26" parent="." instance=ExtResource( 7 )]
transform = Transform( 1, 0, 0, 0, 1, 0, 0, 0, 1, -18.3198, -0.979988, -142.45 )

[node name="Arbre27" parent="." instance=ExtResource( 7 )]
transform = Transform( 1, 0, 0, 0, 1, 0, 0, 0, 1, -14.0285, -0.314976, -139.096 )

[node name="Arbre28" parent="." instance=ExtResource( 7 )]
transform = Transform( 1, 0, 0, 0, 1, 0, 0, 0, 1, -10.1806, -2.38421e-07, 46.8135 )

[node name="Arbre29" parent="." instance=ExtResource( 7 )]
transform = Transform( 1, 0, 0, 0, 1, 0, 0, 0, 1, -12.9954, -2.14577e-06, -147.951 )

[node name="Arbre30" parent="." instance=ExtResource( 7 )]
transform = Transform( 1, 0, 0, 0, 1, 0, 0, 0, 1, -15.5816, -0.302433, -144.54 )

[node name="Arbre39" parent="." instance=ExtResource( 7 )]
transform = Transform( 1, 0, 0, 0, 1, 0, 0, 0, 1, -7.03925, -0.314976, -88.9507 )

[node name="Arbre40" parent="." instance=ExtResource( 7 )]
transform = Transform( 1, 0, 0, 0, 1, 0, 0, 0, 1, -8.59234, -0.302433, -94.3947 )

[node name="Arbre42" parent="." instance=ExtResource( 7 )]
transform = Transform( 1, 0, 0, 0, 1, 0, 0, 0, 1, -16.1945, -2.14577e-06, -91.5317 )

[node name="Arbre44" parent="." instance=ExtResource( 7 )]
transform = Transform( 1, 0, 0, 0, 1, 0, 0, 0, 1, -17.8382, -0.302433, -94.3947 )

[node name="Arbre2" parent="." instance=ExtResource( 7 )]
transform = Transform( 1, 0, 0, 0, 1, 0, 0, 0, 1, -11.7346, -2.38419e-07, 15.2731 )

[node name="Arbre3" parent="." instance=ExtResource( 7 )]
transform = Transform( 1, 0, 0, 0, 1, 0, 0, 0, 1, -14.7231, 7.15256e-07, 255.907 )

[node name="Arbre4" parent="." instance=ExtResource( 7 )]
transform = Transform( 1, 0, 0, 0, 1, 0, 0, 0, 1, -15.817, 2.38419e-07, 10.674 )

[node name="Barriere" parent="." instance=ExtResource( 16 )]
transform = Transform( 1, 0, 0, 0, 1, 0, 0, 0, 1, -16.0232, -4.76837e-07, -46.5087 )

[node name="Barriere2" parent="." instance=ExtResource( 16 )]
transform = Transform( 1, 0, 0, 0, 1, 0, 0, 0, 1, -12.0232, -4.76837e-07, -46.5087 )

[node name="Barriere3" parent="." instance=ExtResource( 16 )]
transform = Transform( 0.988754, 0.149553, 0, -0.149553, 0.988754, 0, 0, 0, 1, -7.81966, -0.396276, -46.5087 )

[node name="Barriere4" parent="." instance=ExtResource( 16 )]
transform = Transform( 0.997836, 0.0657514, 0, -0.0657514, 0.997836, 0, 0, 0, 1, -3.56901, -0.79273, -46.5087 )

[node name="Barriere5" parent="." instance=ExtResource( 16 )]
transform = Transform( 1, 0, 0, 0, 1, 0, 0, 0, 1, 0.690893, -1, -46.4749 )

[node name="Spatial" parent="Barriere5" instance=ExtResource( 13 )]
transform = Transform( 1, 0, 0, 0, 1, 0, 0, 0, 1, 0.102649, -9.53674e-07, -1.97473 )

[node name="Barriere17" parent="." instance=ExtResource( 16 )]
transform = Transform( 1, 0, 0, 0, 1, 0, 0, 0, 1, 0.690893, -1, 63.4201 )

[node name="Spatial" parent="Barriere17" instance=ExtResource( 13 )]
transform = Transform( 1, 0, 0, 0, 1, 0, 0, 0, 1, 0.102649, -9.53674e-07, -1.97473 )

[node name="Barriere18" parent="." instance=ExtResource( 16 )]
transform = Transform( 0.988033, 0, -0.154245, 0, 1, 0, 0.154245, 0, 0.988033, 0.690893, -1, -24.8218 )

[node name="Spatial" parent="Barriere18" instance=ExtResource( 13 )]
transform = Transform( 1, 0, 0, 0, 1, 0, 0, 0, 1, 0.102649, -9.53674e-07, -1.38829 )

[node name="Barriere29" parent="." instance=ExtResource( 16 )]
transform = Transform( 0.987729, 0, 0.156176, 0, 1, 0, -0.156176, 0, 0.987729, 0.690893, -1, 3.89 )

[node name="Spatial" parent="Barriere29" instance=ExtResource( 13 )]
transform = Transform( 1, 0, 0, 0, 1, 0, 0, 0, 1, 0.102649, -9.53674e-07, -1.38829 )

[node name="Barriere6" parent="." instance=ExtResource( 16 )]
transform = Transform( 0.998424, -0.0561177, 0, 0.0561177, 0.998424, 0, 0, 0, 1, 4.99716, -0.768523, -46.4749 )

[node name="Barriere30" parent="." instance=ExtResource( 16 )]
transform = Transform( 0.874076, -0.0491286, 0.483298, 0.0561177, 0.998424, 0, -0.482536, 0.0271216, 0.875456, 4.99716, -0.768523, -36.0253 )

[node name="Barriere31" parent="." instance=ExtResource( 16 )]
transform = Transform( 0.919367, 0.195528, -0.341368, -0.176247, 0.980499, 0.0869439, 0.351711, -0.0197684, 0.9359, -5.40166, -0.768523, -30.7272 )

[node name="Barriere34" parent="." instance=ExtResource( 16 )]
transform = Transform( 0.935565, -0.0266459, -0.352148, 0.0318993, 0.999449, 0.00912292, 0.351711, -0.0197684, 0.9359, -13.0389, -0.041497, -30.7272 )

[node name="Barriere32" parent="." instance=ExtResource( 16 )]
transform = Transform( 0.914254, -0.207516, -0.34796, 0.201092, 0.978032, -0.0549123, 0.351711, -0.0197684, 0.9359, 6.29264, -0.27478, -30.7272 )

[node name="Barriere33" parent="." instance=ExtResource( 16 )]
transform = Transform( 0.934033, -0.0591238, -0.352259, 0.0622975, 0.998055, -0.00233018, 0.351711, -0.0197684, 0.9359, 12.4943, 0.674797, -30.7272 )

[node name="Barriere7" parent="." instance=ExtResource( 16 )]
transform = Transform( 0.987906, -0.155055, 0, 0.155055, 0.987906, 0, 0, 0, 1, 9.15457, -0.206635, -46.4749 )

[node name="Barriere8" parent="." instance=ExtResource( 16 )]
transform = Transform( 1, 0, 0, 0, 1, 0, 0, 0, 1, 13.252, 2.38419e-07, -46.4744 )

[node name="Barriere9" parent="." instance=ExtResource( 16 )]
transform = Transform( 1, 0, 0, 0, 1, 0, 0, 0, 1, 17.4039, 2.38419e-07, -46.4744 )

[node name="Barriere13" parent="." instance=ExtResource( 16 )]
transform = Transform( 1, 0, 0, 0, 1, 0, 0, 0, 1, -16.0232, -4.76837e-07, -191.509 )

[node name="Barriere14" parent="." instance=ExtResource( 16 )]
transform = Transform( 1, 0, 0, 0, 1, 0, 0, 0, 1, -12.0232, -4.76837e-07, -191.509 )

[node name="Barriere15" parent="." instance=ExtResource( 16 )]
transform = Transform( 0.988754, 0.149553, 0, -0.149553, 0.988754, 0, 0, 0, 1, -7.81966, -0.396276, -191.509 )

[node name="Barriere16" parent="." instance=ExtResource( 16 )]
transform = Transform( 0.997836, 0.0657514, 0, -0.0657514, 0.997836, 0, 0, 0, 1, -3.56901, -0.79273, -191.509 )

[node name="Barriere22" parent="." instance=ExtResource( 16 )]
transform = Transform( 0.997836, 0.0657514, 0, -0.0657514, 0.997836, 0, 0, 0, 1, -3.56901, -0.79273, -144.39 )

[node name="Barriere23" parent="." instance=ExtResource( 16 )]
transform = Transform( 0.998206, -0.0598813, 0, 0.0598813, 0.998206, 0, 0, 0, 1, 0.671551, -0.79273, -144.39 )

[node name="Barriere24" parent="." instance=ExtResource( 16 )]
transform = Transform( 0.998188, -0.0601775, 0, 0.0601775, 0.998188, 0, 0, 0, 1, 8.51109, -0.791855, -144.39 )

[node name="Barriere19" parent="." instance=ExtResource( 16 )]
transform = Transform( 0.987906, -0.155055, 0, 0.155055, 0.987906, 0, 0, 0, 1, 9.15457, -0.206635, -191.475 )

[node name="Barriere25" parent="." instance=ExtResource( 16 )]
transform = Transform( 0.999996, 0.00274042, 0, -0.00274042, 0.999996, 0, 0, 0, 1, 4.99876, -0.791554, -191.595 )

[node name="Barriere20" parent="." instance=ExtResource( 16 )]
transform = Transform( 1, 0, 0, 0, 1, 0, 0, 0, 1, 13.252, 2.38419e-07, -191.474 )

[node name="Barriere21" parent="." instance=ExtResource( 16 )]
transform = Transform( 1, 0, 0, 0, 1, 0, 0, 0, 1, 17.4039, 2.38419e-07, -191.474 )

[node name="Cube001" parent="." instance=ExtResource( 11 )]
transform = Transform( 0.72962, 0.301039, -0.614028, -0.230328, 0.953612, 0.193838, 0.643897, 0, 0.765113, -11.1478, 0.90546, -17.675 )

[node name="Cube011" parent="." instance=ExtResource( 11 )]
transform = Transform( 0.764659, -0.0344111, -0.643515, 0.0263283, 0.999408, -0.0221572, 0.643897, 0, 0.765113, -0.922467, 0.328234, 78.9479 )

[node name="Cube012" parent="." instance=ExtResource( 11 )]
transform = Transform( 0.423851, -0.0312343, -0.905193, 0.0263283, 0.999408, -0.0221572, 0.905349, -0.0144409, 0.424423, -0.922466, 0.328234, 87.8479 )

[node name="Cube017" parent="." instance=ExtResource( 11 )]
transform = Transform( 0.423851, -0.0312343, -0.905193, 0.0263283, 0.999408, -0.0221572, 0.905349, -0.0144409, 0.424423, -7.48614, 0.328234, 95.1319 )

[node name="Cube018" parent="." instance=ExtResource( 11 )]
transform = Transform( 0.423851, -0.0312343, -0.905193, 0.0263283, 0.999408, -0.0221572, 0.905349, -0.0144409, 0.424423, -14.9874, 0.328234, 85.6557 )

[node name="Cube019" parent="." instance=ExtResource( 11 )]
transform = Transform( 0.423851, -0.0312343, -0.905193, 0.0263283, 0.999408, -0.0221572, 0.905349, -0.0144409, 0.424423, -3.20174, -0.225276, 136.873 )

[node name="Cube013" parent="." instance=ExtResource( 11 )]
transform = Transform( 0.423851, -0.0312343, -0.905193, 0.0263283, 0.999408, -0.0221572, 0.905349, -0.0144409, 0.424423, 4.6638, -0.396128, 121.771 )

[node name="Cube014" parent="." instance=ExtResource( 11 )]
transform = Transform( 0.423851, -0.0312343, -0.905193, 0.0263283, 0.999408, -0.0221572, 0.905349, -0.0144409, 0.424423, 12.4283, 0.328234, 82.2255 )

[node name="Cube016" parent="." instance=ExtResource( 11 )]
transform = Transform( 0.423851, -0.0312343, -0.905193, 0.0263283, 0.999408, -0.0221572, 0.905349, -0.0144409, 0.424423, 16.1566, 0.328234, 88.325 )

[node name="Cube015" parent="." instance=ExtResource( 11 )]
transform = Transform( 0.423851, -0.0312343, -0.905193, 0.0263283, 0.999408, -0.0221572, 0.905349, -0.0144409, 0.424423, 7.15671, 1.13444, 92.6183 )

[node name="Cube002" parent="." instance=ExtResource( 11 )]
transform = Transform( 0.306775, 0, -0.951782, 0, 1, 0, 0.951782, 0, 0.306775, -13.3905, 0.90546, -14.1116 )

[node name="Cube003" parent="." instance=ExtResource( 11 )]
transform = Transform( -0.789962, 0, -0.613155, 0, 1, 0, 0.613155, 0, -0.789962, 13.3459, 0.90546, -14.1116 )

[node name="Cube023" parent="." instance=ExtResource( 11 )]
transform = Transform( -0.789962, 0, -0.613155, 0, 1, 0, 0.613155, 0, -0.789962, 9.45394, 1.02825, 58.2344 )

[node name="Cube021" parent="." instance=ExtResource( 11 )]
transform = Transform( -0.789962, 0, -0.613155, 0, 1, 0, 0.613155, 0, -0.789962, 13.3459, 0.90546, -36.2867 )

[node name="Cube022" parent="." instance=ExtResource( 11 )]
transform = Transform( -0.789962, 0, -0.613155, 0, 1, 0, 0.613155, 0, -0.789962, 16.1081, 0.90546, -42.1046 )

[node name="Cube004" parent="." instance=ExtResource( 11 )]
transform = Transform( 1, 0, 0, 0, 1, 0, 0, 0, 1, 2.42478, -0.225926, -13.5085 )

[node name="Cube020" parent="." instance=ExtResource( 11 )]
transform = Transform( 0.791085, 0, -0.611707, 0, 1, 0, 0.611707, 0, 0.791085, -2.14433, -0.225926, -19.7904 )

[node name="Cube005" parent="." instance=ExtResource( 11 )]
transform = Transform( 1, 0, 0, 0, 1, 0, 0, 0, 1, 7.5721, 0.148522, -154.672 )

[node name="Cube008" parent="." instance=ExtResource( 11 )]
transform = Transform( 1, 0, 0, 0, 1, 0, 0, 0, 1, 6.01286, 0.148522, -105.368 )

[node name="Cube010" parent="." instance=ExtResource( 11 )]
transform = Transform( 1, 0, 0, 0, 1, 0, 0, 0, 1, 8.15035, 0.148522, -93.2103 )

[node name="Cube024" parent="." instance=ExtResource( 11 )]
transform = Transform( 1, 0, 0, 0, 1, 0, 0, 0, 1, -2.3666, 0.706434, -90.0288 )

[node name="Cube009" parent="." instance=ExtResource( 11 )]
transform = Transform( 0.727485, 0, -0.686123, 0, 1, 0, 0.686123, 0, 0.727485, -6.5519, 0.148522, -98.0101 )

[node name="Cube007" parent="." instance=ExtResource( 11 )]
transform = Transform( 0.248149, 0, -0.968722, 0, 1, 0, 0.968722, 0, 0.248149, 14.5031, 0.148522, -154.672 )

[node name="Cube006" parent="." instance=ExtResource( 11 )]
transform = Transform( 1, 0, 0, 0, 1, 0, 0, 0, 1, 12.9363, 0.913433, -183.301 )

[node name="Radish" parent="." instance=ExtResource( 2 )]
transform = Transform( 1, 0, 0, 0, 1, 0, 0, 0, 1, 7.65036, 0.793044, -188.878 )
collision_layer = 3
collision_mask = 3
move_forward_speed = 25
acceleration_forward = 5
gravity = 0.5

[node name="Control" parent="." instance=ExtResource( 9 )]

[node name="Finish" parent="." instance=ExtResource( 8 )]
transform = Transform( 1, 0, 0, 0, 1, 0, 0, 0, 1, 0, 0, 320 )

[node name="Spatial" parent="." instance=ExtResource( 12 )]
transform = Transform( 1, 0, 0, 0, 1, 0, 0, 0, 1, -10.2094, 0.000718355, -131.199 )

[node name="Spatial10" parent="." instance=ExtResource( 12 )]
transform = Transform( 0.984805, 0, 0.173665, 0, 1, 0, -0.173665, 0, 0.984805, -4.52454, 0.105611, -167.466 )

[node name="Spatial11" parent="." instance=ExtResource( 12 )]
transform = Transform( 0.984805, 0, 0.173665, 0, 1, 0, -0.173665, 0, 0.984805, -9.75944, 1.49468, -165.803 )

[node name="Spatial8" parent="." instance=ExtResource( 12 )]
transform = Transform( 1, 0, 0, 0, 1, 0, 0, 0, 1, 15.7162, 0.105611, -167.466 )

[node name="Spatial12" parent="." instance=ExtResource( 12 )]
transform = Transform( 0.720396, 0.00294239, 0.693557, 0.0508877, 0.997071, -0.057087, -0.691694, 0.0764188, 0.718137, 12.059, -1.66879, -165.519 )

[node name="Spatial13" parent="." instance=ExtResource( 12 )]
transform = Transform( 0.939162, -0.0283336, 0.342305, 0.0508877, 0.997071, -0.057087, -0.339685, 0.0710331, 0.937853, 4.44929, -0.669598, -165.519 )

[node name="Spatial9" parent="." instance=ExtResource( 12 )]
transform = Transform( 0.953743, 0, 0.300623, 0, 1, 0, -0.300623, 0, 0.953743, 18.8483, 0.105611, -163.926 )

[node name="Spatial2" parent="." instance=ExtResource( 12 )]
transform = Transform( 1, 0, 0, 0, 1, 0, 0, 0, 1, -10.2094, 0.000718355, -123.199 )

[node name="Spatial15" parent="." instance=ExtResource( 12 )]
transform = Transform( 1, 0, 0, 0, 1, 0, 0, 0, 1, -10.2094, 0.741583, -85.7463 )

[node name="Spatial3" parent="." instance=ExtResource( 12 )]
transform = Transform( 0.993385, -0.114833, 0, 0.114833, 0.993385, 0, 0, 0, 1, 10.8015, 1.60827, -119.317 )

[node name="Spatial4" parent="." instance=ExtResource( 12 )]
transform = Transform( 1, 0, 0, 0, 1, 0, 0, 0, 1, 17.4916, 0.000718355, -80.5531 )

[node name="Spatial6" parent="." instance=ExtResource( 12 )]
transform = Transform( 0.956412, 0, 0.292021, 0, 1, 0, -0.292021, 0, 0.956412, 4.90881, -0.0891297, 99.1674 )

[node name="Spatial16" parent="." instance=ExtResource( 12 )]
transform = Transform( 0.991692, -0.114121, -0.0593675, 0.111751, 0.992856, -0.0418266, 0.0637166, 0.0348447, 0.99736, 20.7282, 1.45555, 132.608 )

[node name="Spatial17" parent="." instance=ExtResource( 12 )]
transform = Transform( 0.956412, 0, 0.292021, 0, 1, 0, -0.292021, 0, 0.956412, -7.343, 1.15136, 153.568 )

[node name="Spatial18" parent="." instance=ExtResource( 12 )]
transform = Transform( 0.969629, 0, -0.24458, 0, 1, 0, 0.24458, 0, 0.969629, 13.32, 0.70078, 206.13 )

[node name="Spatial14" parent="." instance=ExtResource( 12 )]
transform = Transform( 0.930285, 0.232138, 0.284044, -0.22202, 0.972683, -0.0677893, -0.292021, 0, 0.956412, -3.90828, -0.979497, 24.5732 )

[node name="Spatial5" parent="." instance=ExtResource( 12 )]
transform = Transform( 1, 0, 0, 0, 1, 0, 0, 0, 1, -10.2094, 0.000718355, -54.1994 )

[node name="Spatial7" parent="." instance=ExtResource( 12 )]
transform = Transform( 1, 0, 0, 0, 1, 0, 0, 0, 1, 2.7636, -0.711866, -38.0724 )

[node name="Rampe" parent="." instance=ExtResource( 1 )]
transform = Transform( -3, 0, -4.52987e-07, 0, 3, 0, 4.52987e-07, 0, -3, -12.9951, -2.38419e-07, 160.803 )

[node name="Rampe3" parent="." instance=ExtResource( 1 )]
transform = Transform( -3, 0, -4.52987e-07, -1.0411e-07, 2.91969, 0.689487, 4.40861e-07, 0.689487, -2.91969, 12.8936, 0, -108.005 )

[node name="Rampe2" parent="." instance=ExtResource( 1 )]
transform = Transform( -2.96653, 0, 0.446897, 0, 3, 0, -0.446897, 0, -2.96653, 10.5312, -1.40598, -153.477 )

[node name="Barriere10" parent="." instance=ExtResource( 16 )]
transform = Transform( -4.37114e-08, 0, 1, 0, 1, 0, -1, 0, -4.37114e-08, -9.09474, -0.141776, -56.7937 )

[node name="Barriere11" parent="." instance=ExtResource( 16 )]
transform = Transform( -4.37114e-08, 0, 1, 0, 1, 0, -1, 0, -4.37114e-08, -9.09474, -0.141776, -60.7937 )

[node name="Barriere35" parent="." instance=ExtResource( 16 )]
transform = Transform( -4.37114e-08, 0, 1, 0, 1, 0, -1, 0, -4.37114e-08, -9.09474, 0.894753, -78.1996 )

[node name="Barriere38" parent="." instance=ExtResource( 16 )]
transform = Transform( 0.568303, 0, 0.822819, 0, 1, 0, -0.822819, 0, 0.568303, -2.44658, -1.51836, -77.785 )

[node name="Barriere36" parent="." instance=ExtResource( 16 )]
transform = Transform( -4.37114e-08, 0, 1, 0.181326, 0.983423, 7.92601e-09, -0.983423, 0.181326, -4.29868e-08, -9.09474, 1.29073, -82.8008 )

[node name="Barriere37" parent="." instance=ExtResource( 16 )]
transform = Transform( -4.37114e-08, 0, 1, 0.0235598, 0.999722, 1.02983e-09, -0.999722, 0.0235598, -4.36993e-08, -9.09474, 1.59685, -86.8099 )

[node name="Barriere12" parent="." instance=ExtResource( 16 )]
transform = Transform( -4.37114e-08, 0, 1, 0, 1, 0, -1, 0, -4.37114e-08, -9.09474, -0.141776, -52.7937 )

[node name="DirectionalLight" type="DirectionalLight" parent="."]
transform = Transform( 0.766772, -0.17065, 0.618821, -0.619211, -0.450771, 0.642949, 0.169227, -0.876176, -0.451307, 0, 0, 0 )
light_energy = 0.5
light_indirect_energy = 0.0
light_specular = 0.0
shadow_enabled = true
shadow_color = Color( 0.678431, 0.635294, 0.635294, 1 )
shadow_bias = 0.0
directional_shadow_mode = 0
directional_shadow_normal_bias = 0.0
directional_shadow_bias_split_scale = 0.233
directional_shadow_max_distance = 166.2

[node name="Jumper_radis" parent="." groups=["jumper_radis"] instance=ExtResource( 13 )]
transform = Transform( 1, 0, 0, 0, 1, 0, 0, 0, 1, 0.0780253, -0.356493, -146.136 )

[node name="Barriere27" parent="." instance=ExtResource( 16 )]
transform = Transform( 0.998206, -0.0598813, 0, 0.0598813, 0.998206, 0, 0, 0, 1, 0.671551, -0.79273, -88.9498 )

[node name="Barriere28" parent="." instance=ExtResource( 16 )]
transform = Transform( 0.999991, 0.00427602, 0, -0.00427602, 0.999991, 0, 0, 0, 1, 5.11066, -0.710871, -88.8361 )

[node name="Jumper_radis2" parent="." groups=["jumper_radis"] instance=ExtResource( 13 )]
transform = Transform( 1, 0, 0, 0, 1, 0, 0, 0, 1, 0.0780253, -0.356493, -90.6963 )

[node name="HUD" type="Control" parent="."]
anchor_right = 1.0
anchor_bottom = 1.0
margin_right = 2.0
margin_bottom = 5.0

[node name="VBoxContainer" type="VBoxContainer" parent="HUD"]
anchor_right = 1.0
anchor_bottom = 1.0
margin_left = 170.0
margin_top = 1.0
margin_right = -157.0
margin_bottom = -34.0
size_flags_horizontal = 3
size_flags_vertical = 3

[node name="Help" type="Label" parent="HUD/VBoxContainer"]
margin_right = 475.0
margin_bottom = 25.0
custom_fonts/font = SubResource( 1 )
text = "Reach the finish line before the radish!"
align = 1

[node name="Meters" type="Label" parent="HUD/VBoxContainer"]
margin_top = 29.0
margin_right = 475.0
margin_bottom = 64.0
custom_colors/font_color = Color( 0.901961, 0.901961, 0.901961, 1 )
custom_fonts/font = SubResource( 2 )
text = "20 Meters"
align = 1
valign = 1

[node name="jumperRadisetBarr" type="Spatial" parent="."]
transform = Transform( 1, 0, 0, 0, 1, 0, 0, 0, 1, 0, 0.121049, 46.2457 )

[node name="Barriere29" parent="jumperRadisetBarr" instance=ExtResource( 16 )]
transform = Transform( 0.998317, -0.0579997, 0, 0.0579997, 0.998317, 0, 0, 0, 1, -3.56901, -1.22295, -0.00109863 )
skeleton = NodePath("../..")

[node name="Barriere32" parent="jumperRadisetBarr" instance=ExtResource( 16 )]
transform = Transform( 0.998968, 0.0454152, 0, -0.0454152, 0.998968, 0, 0, 0, 1, -7.68822, -1.22295, -0.00109863 )
skeleton = NodePath("../..")

[node name="Barriere30" parent="jumperRadisetBarr" instance=ExtResource( 16 )]
transform = Transform( 0.998206, -0.0598813, 0, 0.0598813, 0.998206, 0, 0, 0, 1, 0.671551, -0.79273, -0.00109863 )
skeleton = NodePath("../..")

[node name="Barriere31" parent="jumperRadisetBarr" instance=ExtResource( 16 )]
transform = Transform( 0.967885, -0.251394, 0, 0.251394, 0.967885, 0, 0, 0, 1, 4.97055, -0.0834669, -0.00109863 )
skeleton = NodePath("../..")

[node name="Barriere33" parent="jumperRadisetBarr" instance=ExtResource( 16 )]
transform = Transform( 0.999622, -0.0274855, 0, 0.0274855, 0.999622, 0, 0, 0, 1, 13.5081, 0.304888, -0.00109863 )
skeleton = NodePath("../..")

[node name="Barriere35" parent="jumperRadisetBarr" instance=ExtResource( 16 )]
transform = Transform( -0.142783, 0.00645392, -0.996484, -0.114799, 0.997669, 0.0120916, 1.69945, 0.067935, -0.0829049, 3.68461, -2.28705, 117.819 )
skeleton = NodePath("../..")

[node name="Barriere36" parent="jumperRadisetBarr" instance=ExtResource( 16 )]
transform = Transform( -0.142783, 0.00645392, -0.996484, -0.114799, 0.997669, 0.0120916, 1.69945, 0.067935, -0.0829049, 4.77234, -1.41251, 104.873 )
skeleton = NodePath("../..")

[node name="Barriere37" parent="jumperRadisetBarr" instance=ExtResource( 16 )]
transform = Transform( -0.141501, 0.0128998, -0.996484, 0.0175334, 0.999874, 0.0120916, 1.70334, -0.00922058, -0.0829049, 2.3851, -0.982419, 133.629 )
skeleton = NodePath("../..")

[node name="Barriere38" parent="jumperRadisetBarr" instance=ExtResource( 16 )]
transform = Transform( -0.141501, 0.0128998, -0.996484, 0.0175334, 0.999874, 0.0120916, 1.70334, -0.00922058, -0.0829049, 1.77995, -0.907435, 140.914 )
skeleton = NodePath("../..")

[node name="Barriere39" parent="jumperRadisetBarr" instance=ExtResource( 16 )]
transform = Transform( -0.1386, 0.0210835, -0.996484, 0.187726, 0.993877, 0.0120916, 1.6933, -0.10846, -0.0829049, -4.74419, -1.27348, 164.772 )
skeleton = NodePath("../..")

[node name="Barriere46" parent="jumperRadisetBarr" instance=ExtResource( 16 )]
transform = Transform( -0.141153, 0.0141467, -0.996483, 0.0433029, 0.999605, 0.0120916, 1.70291, -0.0242461, -0.0829049, 6.31597, -0.736444, 156.293 )
skeleton = NodePath("../..")

[node name="Barriere34" parent="jumperRadisetBarr" instance=ExtResource( 16 )]
transform = Transform( 0.999622, -0.0274855, 0, 0.0274855, 0.999622, 0, 0, 0, 1, 17.2334, 0.304888, -0.00109863 )
skeleton = NodePath("../..")

[node name="Jumper_radis3" parent="jumperRadisetBarr" groups=["jumper_radis"] instance=ExtResource( 13 )]
transform = Transform( 4.03328, 0, 0, 0, 1, 0, 0, 0, 2.65538, -1.71132, -0.356493, -1.74757 )

[node name="Jumper_radis4" parent="jumperRadisetBarr" groups=["jumper_radis"] instance=ExtResource( 13 )]
transform = Transform( 4.03328, 0, 0, 0, 1, 0, 0, 0, 2.65538, -0.883299, 0.41227, 28.8279 )

[node name="Barriere40" parent="jumperRadisetBarr" instance=ExtResource( 16 )]
transform = Transform( 1.69949, 0.101642, -0.0333774, -0.177278, 0.992301, -0.0676836, 0.0448537, 0.0707569, 0.997148, -3.39649, -1.08472, 204.479 )
skeleton = NodePath("../..")

[node name="Barriere41" parent="jumperRadisetBarr" instance=ExtResource( 16 )]
transform = Transform( -1.49105, -0.056486, -0.485673, -0.169414, 0.99311, 0.0625129, 0.818406, 0.102667, -0.871902, 4.77608, -0.83371, 195.207 )
skeleton = NodePath("../..")

[node name="Barriere42" parent="jumperRadisetBarr" instance=ExtResource( 16 )]
transform = Transform( -1.70723, 0.0128998, -0.0475392, 0.0227732, 0.999874, -0.00859764, 0.0810591, -0.00922058, -0.998832, -0.102048, -0.949242, 224.042 )
skeleton = NodePath("../..")

[node name="Barriere43" parent="jumperRadisetBarr" instance=ExtResource( 16 )]
transform = Transform( -0.419036, 0.0128998, -0.969399, 0.0206867, 0.999874, 0.0102448, 1.65701, -0.00922058, -0.245276, 5.06567, -0.815567, 245.768 )
skeleton = NodePath("../..")

[node name="Barriere45" parent="jumperRadisetBarr" instance=ExtResource( 16 )]
transform = Transform( -1.68631, 0.0128998, -0.162952, 0.0243227, 0.999874, -0.00699594, 0.278344, -0.00922058, -0.986609, 13.0997, 0.0296004, 234.749 )
skeleton = NodePath("../..")

[node name="Barriere44" parent="jumperRadisetBarr" instance=ExtResource( 16 )]
transform = Transform( -0.13984, 0.0180652, -0.996484, 0.124664, 0.997263, 0.0120916, 1.699, -0.0716873, -0.0829049, -4.73272, -0.733004, 255.008 )
skeleton = NodePath("../..")

[node name="PlaneB_t" parent="." instance=ExtResource( 19 )]
transform = Transform( 1, 0, 0, 0, 1, 0, 0, 0, 1, 0, 0, 160 )

[node name="PlaneB_t2" parent="." instance=ExtResource( 19 )]
transform = Transform( -1, 0, -8.74228e-08, 0, 1, 0, 8.74228e-08, 0, -1, 0, 0, 200 )

[node name="Spatial21" parent="." instance=ExtResource( 12 )]
transform = Transform( 0.969629, 0, -0.24458, 0, 1, 0, 0.24458, 0, 0.969629, 13.32, 0.70078, 296.425 )

[node name="PlaneD_t" parent="." instance=ExtResource( 6 )]
transform = Transform( 1, 0, 0, 0, 1, 0, 0, 0, 1, 0, 0, 200 )

[node name="PlaneD_t2" parent="." instance=ExtResource( 6 )]
transform = Transform( 1, 0, 0, 0, 1, 0, 0, 0, 1, 0, 0, 240 )

[connection signal="finished" from="PlayerWithCamera/Player" to="." method="_on_Player_finished"]
[connection signal="OneDone" from="Control" to="Radish" method="_on_Control_OneDone"]
[connection signal="StartDone" from="Control" to="PlayerWithCamera/Player" method="_on_Control_StartDone"]

[editable path="PlayerWithCamera"]
[editable path="PlayerWithCamera/Player"]
[editable path="PlayerWithCamera/Player/Mesh"]
