[gd_scene load_steps=3 format=2]

[ext_resource path="res://Elements/Betrave/exportset/betrave.glb" type="PackedScene" id=1]

[sub_resource type="BoxShape" id=1]
extents = Vector3( 4, 1, 4 )

[node name="Spatial" type="Spatial"]

[node name="betrave2" parent="." instance=ExtResource( 1 )]
transform = Transform( -0.763165, 0, 0.646204, 0, 1, 0, -0.646204, 0, -0.763165, -1, 0, 0 )

[node name="betrave" parent="." instance=ExtResource( 1 )]

[node name="betrave3" parent="." instance=ExtResource( 1 )]
transform = Transform( 0.394551, 0, 0.918874, 0, 1, 0, -0.918874, 0, 0.394551, -2, 0, 0 )

[node name="betrave4" parent="." instance=ExtResource( 1 )]
transform = Transform( 0.993861, 0, 0.110636, 0, 1, 0, -0.110636, 0, 0.993861, -3, 0, 0 )

[node name="betrave5" parent="." instance=ExtResource( 1 )]
transform = Transform( 0.700772, 0, -0.713385, 0, 1, 0, 0.713385, 0, 0.700772, -3, 0, -1 )

[node name="betrave6" parent="." instance=ExtResource( 1 )]
transform = Transform( -0.69739, 0, -0.716691, 0, 1, 0, 0.716691, 0, -0.69739, -2, 0, -1 )

[node name="betrave7" parent="." instance=ExtResource( 1 )]
transform = Transform( 0.987979, 0, -0.15459, 0, 1, 0, 0.15459, 0, 0.987979, -1, 0, -1 )

[node name="betrave8" parent="." instance=ExtResource( 1 )]
transform = Transform( 0.730174, 0, 0.683261, 0, 1, 0, -0.683261, 0, 0.730174, 0, 0, -1 )

[node name="betrave9" parent="." instance=ExtResource( 1 )]
transform = Transform( 0.47909, 0, -0.877766, 0, 1, 0, 0.877766, 0, 0.47909, 0, 0, -2 )

[node name="betrave10" parent="." instance=ExtResource( 1 )]
transform = Transform( 0.397404, 0, 0.917644, 0, 1, 0, -0.917644, 0, 0.397404, -1, 0, -2 )

[node name="betrave11" parent="." instance=ExtResource( 1 )]
transform = Transform( 0.748018, 0, 0.663678, 0, 1, 0, -0.663678, 0, 0.748018, -2, 0, -2 )

[node name="betrave12" parent="." instance=ExtResource( 1 )]
transform = Transform( 0.979642, 0, 0.200753, 0, 1, 0, -0.200753, 0, 0.979642, -3, 0, -2 )

[node name="betrave13" parent="." instance=ExtResource( 1 )]
transform = Transform( 0.418993, 0, 0.907989, 0, 1, 0, -0.907989, 0, 0.418993, -3, 0, -3 )

[node name="betrave14" parent="." instance=ExtResource( 1 )]
transform = Transform( 0.983684, 0, -0.179901, 0, 1, 0, 0.179901, 0, 0.983684, -2, 0, -3 )

[node name="betrave15" parent="." instance=ExtResource( 1 )]
transform = Transform( -0.7085, 0, -0.70571, 0, 1, 0, 0.70571, 0, -0.7085, -1, 0, -3 )

[node name="betrave16" parent="." instance=ExtResource( 1 )]
transform = Transform( 0.785792, 0, -0.618491, 0, 1, 0, 0.618491, 0, 0.785792, 0, 0, -3 )

[node name="betrave17" parent="." instance=ExtResource( 1 )]
transform = Transform( 0.646204, 0, 0.763165, 0, 1, 0, -0.763165, 0, 0.646204, -7, 0, -1 )

[node name="betrave18" parent="." instance=ExtResource( 1 )]
transform = Transform( -4.37114e-08, 0, -1, 0, 1, 0, 1, 0, -4.37114e-08, -7, 0, 0 )

[node name="betrave19" parent="." instance=ExtResource( 1 )]
transform = Transform( 0.918874, 0, -0.394551, 0, 1, 0, 0.394551, 0, 0.918874, -7, 0, -2 )

[node name="betrave20" parent="." instance=ExtResource( 1 )]
transform = Transform( 0.110636, 0, -0.993861, 0, 1, 0, 0.993861, 0, 0.110636, -7, 0, -3 )

[node name="betrave21" parent="." instance=ExtResource( 1 )]
transform = Transform( -0.713385, 0, -0.700772, 0, 1, 0, 0.700772, 0, -0.713385, -6, 0, -3 )

[node name="betrave22" parent="." instance=ExtResource( 1 )]
transform = Transform( -0.716691, 0, 0.69739, 0, 1, 0, -0.69739, 0, -0.716691, -6, 0, -2 )

[node name="betrave23" parent="." instance=ExtResource( 1 )]
transform = Transform( -0.15459, 0, -0.987979, 0, 1, 0, 0.987979, 0, -0.15459, -6, 0, -1 )

[node name="betrave24" parent="." instance=ExtResource( 1 )]
transform = Transform( 0.683261, 0, -0.730174, 0, 1, 0, 0.730174, 0, 0.683261, -6, 0, 0 )

[node name="betrave25" parent="." instance=ExtResource( 1 )]
transform = Transform( -0.877766, 0, -0.47909, 0, 1, 0, 0.47909, 0, -0.877766, -5, 0, 0 )

[node name="betrave26" parent="." instance=ExtResource( 1 )]
transform = Transform( 0.917644, 0, -0.397404, 0, 1, 0, 0.397404, 0, 0.917644, -5, 0, -1 )

[node name="betrave27" parent="." instance=ExtResource( 1 )]
transform = Transform( 0.663678, 0, -0.748018, 0, 1, 0, 0.748018, 0, 0.663678, -5, 0, -2 )

[node name="betrave28" parent="." instance=ExtResource( 1 )]
transform = Transform( 0.200753, 0, -0.979642, 0, 1, 0, 0.979642, 0, 0.200753, -5, 0, -3 )

[node name="betrave29" parent="." instance=ExtResource( 1 )]
transform = Transform( 0.907989, 0, -0.418993, 0, 1, 0, 0.418993, 0, 0.907989, -4, 0, -3 )

[node name="betrave30" parent="." instance=ExtResource( 1 )]
transform = Transform( -0.179901, 0, -0.983684, 0, 1, 0, 0.983684, 0, -0.179901, -4, 0, -2 )

[node name="betrave31" parent="." instance=ExtResource( 1 )]
transform = Transform( -0.70571, 0, 0.7085, 0, 1, 0, -0.7085, 0, -0.70571, -4, 0, -1 )

[node name="betrave32" parent="." instance=ExtResource( 1 )]
transform = Transform( -0.618491, 0, -0.785792, 0, 1, 0, 0.785792, 0, -0.618491, -4, 0, 2.38419e-07 )

[node name="betrave33" parent="." instance=ExtResource( 1 )]
transform = Transform( 0.763165, 0, -0.646204, 0, 1, 0, 0.646204, 0, 0.763165, -6, 0, -7 )

[node name="betrave34" parent="." instance=ExtResource( 1 )]
transform = Transform( -1, 0, -8.74228e-08, 0, 1, 0, 8.74228e-08, 0, -1, -7, 0, -7 )

[node name="betrave35" parent="." instance=ExtResource( 1 )]
transform = Transform( -0.394551, 0, -0.918874, 0, 1, 0, 0.918874, 0, -0.394551, -5, 0, -7 )

[node name="betrave36" parent="." instance=ExtResource( 1 )]
transform = Transform( -0.993861, 0, -0.110636, 0, 1, 0, 0.110636, 0, -0.993861, -4, 0, -7 )

[node name="betrave37" parent="." instance=ExtResource( 1 )]
transform = Transform( -0.700772, 0, 0.713385, 0, 1, 0, -0.713385, 0, -0.700772, -4, 0, -6 )

[node name="betrave38" parent="." instance=ExtResource( 1 )]
transform = Transform( 0.69739, 0, 0.716692, 0, 1, 0, -0.716692, 0, 0.69739, -5, 0, -6 )

[node name="betrave39" parent="." instance=ExtResource( 1 )]
transform = Transform( -0.987979, 0, 0.15459, 0, 1, 0, -0.15459, 0, -0.987979, -6, 0, -6 )

[node name="betrave40" parent="." instance=ExtResource( 1 )]
transform = Transform( -0.730174, 0, -0.683261, 0, 1, 0, 0.683261, 0, -0.730174, -7, 0, -6 )

[node name="betrave41" parent="." instance=ExtResource( 1 )]
transform = Transform( -0.47909, 0, 0.877766, 0, 1, 0, -0.877766, 0, -0.47909, -7, 0, -5 )

[node name="betrave42" parent="." instance=ExtResource( 1 )]
transform = Transform( -0.397404, 0, -0.917644, 0, 1, 0, 0.917644, 0, -0.397404, -6, 0, -5 )

[node name="betrave43" parent="." instance=ExtResource( 1 )]
transform = Transform( -0.748018, 0, -0.663678, 0, 1, 0, 0.663678, 0, -0.748018, -5, 0, -5 )

[node name="betrave44" parent="." instance=ExtResource( 1 )]
transform = Transform( -0.979642, 0, -0.200753, 0, 1, 0, 0.200753, 0, -0.979642, -4, 0, -5 )

[node name="betrave45" parent="." instance=ExtResource( 1 )]
transform = Transform( -0.418993, 0, -0.90799, 0, 1, 0, 0.90799, 0, -0.418993, -4, 0, -4 )

[node name="betrave46" parent="." instance=ExtResource( 1 )]
transform = Transform( -0.983684, 0, 0.179901, 0, 1, 0, -0.179901, 0, -0.983684, -5, 0, -4 )

[node name="betrave47" parent="." instance=ExtResource( 1 )]
transform = Transform( 0.7085, 0, 0.705711, 0, 1, 0, -0.705711, 0, 0.7085, -6, 0, -4 )

[node name="betrave48" parent="." instance=ExtResource( 1 )]
transform = Transform( -0.785792, 0, 0.618491, 0, 1, 0, -0.618491, 0, -0.785792, -7, 0, -4 )

[node name="betrave49" parent="." instance=ExtResource( 1 )]
transform = Transform( -0.646204, 0, -0.763165, 0, 1, 0, 0.763165, 0, -0.646204, 0, 0, -6 )

[node name="betrave50" parent="." instance=ExtResource( 1 )]
transform = Transform( -4.37114e-08, 0, 1, 0, 1, 0, -1, 0, -4.37114e-08, 0, 0, -7 )

[node name="betrave51" parent="." instance=ExtResource( 1 )]
transform = Transform( -0.918874, 0, 0.394551, 0, 1, 0, -0.394551, 0, -0.918874, -4.76837e-07, 0, -5 )

[node name="betrave52" parent="." instance=ExtResource( 1 )]
transform = Transform( -0.110636, 0, 0.993861, 0, 1, 0, -0.993861, 0, -0.110636, -4.76837e-07, 0, -4 )

[node name="betrave53" parent="." instance=ExtResource( 1 )]
transform = Transform( 0.713385, 0, 0.700772, 0, 1, 0, -0.700772, 0, 0.713385, -1, 0, -4 )

[node name="betrave54" parent="." instance=ExtResource( 1 )]
transform = Transform( 0.716691, 0, -0.69739, 0, 1, 0, 0.69739, 0, 0.716691, -1, 0, -5 )

[node name="betrave55" parent="." instance=ExtResource( 1 )]
transform = Transform( 0.15459, 0, 0.987979, 0, 1, 0, -0.987979, 0, 0.15459, -1, 0, -6 )

[node name="betrave56" parent="." instance=ExtResource( 1 )]
transform = Transform( -0.683261, 0, 0.730174, 0, 1, 0, -0.730174, 0, -0.683261, -1, 0, -7 )

[node name="betrave57" parent="." instance=ExtResource( 1 )]
transform = Transform( 0.877766, 0, 0.47909, 0, 1, 0, -0.47909, 0, 0.877766, -2, 0, -7 )

[node name="betrave58" parent="." instance=ExtResource( 1 )]
transform = Transform( -0.917644, 0, 0.397404, 0, 1, 0, -0.397404, 0, -0.917644, -2, 0, -6 )

[node name="betrave59" parent="." instance=ExtResource( 1 )]
transform = Transform( -0.663678, 0, 0.748018, 0, 1, 0, -0.748018, 0, -0.663678, -2, 0, -5 )

[node name="betrave60" parent="." instance=ExtResource( 1 )]
transform = Transform( -0.200753, 0, 0.979642, 0, 1, 0, -0.979642, 0, -0.200753, -2, 0, -4 )

[node name="betrave61" parent="." instance=ExtResource( 1 )]
transform = Transform( -0.90799, 0, 0.418993, 0, 1, 0, -0.418993, 0, -0.90799, -3, 0, -4 )

[node name="betrave62" parent="." instance=ExtResource( 1 )]
transform = Transform( 0.179901, 0, 0.983684, 0, 1, 0, -0.983684, 0, 0.179901, -3, 0, -5 )

[node name="betrave63" parent="." instance=ExtResource( 1 )]
transform = Transform( 0.70571, 0, -0.7085, 0, 1, 0, 0.7085, 0, 0.70571, -3, 0, -6 )

[node name="betrave64" parent="." instance=ExtResource( 1 )]
transform = Transform( 0.618491, 0, 0.785792, 0, 1, 0, -0.785792, 0, 0.618491, -3, 0, -7 )

[node name="Area" type="Area" parent="." groups=["turbeets"]]

[node name="CollisionShape" type="CollisionShape" parent="Area"]
transform = Transform( 1, 0, 0, 0, 1, 0, 0, 0, 1, -3.5, 0, -3.5 )
shape = SubResource( 1 )
